2905612623
4381729291
1751940339
3275245806
3479924534
7141017957
7498457126
4233953590
4223140957
3057210146
3121746714
2670690191
7432338338
6200089116
7406035981
7122351260
3431504144
1450897083
7206660760
4815320770
3873266240
7412257836
5468157979
7455380521
5133890759
3186436052
4027056937
2657066634
634220363
319611629
7224050795
442229078
7526833737
7543937528
7541893299
6122663819
5250722013
7207520586
6134546076
7542106883
7520967200
7541873747
7395101845
7505695981
7328420177
7627189219
7633939474
7601547628
7631063539
7632192938
7630922587
7627626526
7503036564
4987968713
7631941003
6077638889
7521845535
7600974278
6069420868
7273942689
7282187061
7422028076
3766324765
677980527
3056340582
20963
